-9.999999999999997780e-02
1.470015419316473837e-01
1.470015419316476613e-01
1.470015419316480221e-01
1.470015419316477168e-01
1.470015419316479111e-01
1.470015419316480498e-01
1.470015419316482996e-01
1.470015419316484662e-01
1.470015419316483829e-01
1.470015419316484107e-01
1.470015419316483829e-01
1.470015419316486049e-01
1.470015419316485494e-01
1.470015419316485217e-01
1.470015419316487715e-01
1.470015419316489935e-01
1.470015419316488270e-01
1.470015419316488270e-01
1.470015419316496597e-01
1.470015419316537675e-01
1.470015419316751670e-01
1.470015419317888261e-01
1.470015419323462968e-01
1.470015419348917329e-01
1.470015419457275652e-01
1.470015419887582553e-01
1.470015421482734064e-01
1.470015427005434416e-01
1.470015444868431331e-01
1.470015498851036939e-01
1.470015651261392664e-01
1.470016053169738157e-01
1.470017042671232510e-01
1.470019315961421935e-01
1.470024186566522839e-01
1.470033912810925214e-01
1.470052007389681392e-01
1.470083365913658069e-01
1.470134021977319017e-01
1.470210433407894701e-01
1.470318458300384767e-01
1.470462481880125405e-01
1.470645247380888698e-01
1.470868591071187170e-01
1.471134582158561688e-01
1.471446088689425391e-01
1.471806167660531517e-01
1.472216831885244659e-01
1.472678573529239698e-01
1.473191368956721647e-01
1.473756144632749066e-01
1.474374908406668183e-01
1.475049298546793619e-01
1.475779503750887789e-01
1.476565216458916308e-01
1.477407409470718191e-01
1.478308280681423503e-01
1.479269268456633590e-01
1.480290056502145679e-01
1.481370034068535679e-01
1.482509755387058092e-01
1.483710086642475168e-01
1.484970861837151823e-01
1.486291633359300146e-01
1.487672974038535267e-01
1.489115625185749303e-01
1.490619103183416505e-01
1.492182629026432283e-01
1.493806524852260287e-01
1.495491148811131932e-01
1.497235670416501851e-01
1.499039466621523709e-01
1.500903126376372521e-01
1.502826699572204494e-01
1.504809065954891001e-01
1.506849907189949933e-01
1.508949552343675504e-01
1.511106855552802886e-01
1.513320595358387810e-01
1.515591768210584611e-01
1.517920844671414582e-01
1.520305622327700890e-01
1.522745139197037023e-01
1.525240900154596069e-01
1.527792022511259284e-01
1.530395746054825090e-01
1.533052769948902994e-01
1.535764562102103215e-01
1.538528579139765151e-01
1.541343178956026683e-01
1.544210418705892207e-01
1.547129380578775582e-01
1.550096516897563059e-01
1.553112799879713124e-01
1.556179890034568025e-01
1.559294695281530085e-01
1.562456065789099846e-01
1.565666226642915548e-01
1.568922873687885189e-01
1.572222923942587502e-01
1.575569019116267455e-01
1.578961388097480378e-01
1.582395688687311119e-01
1.585872917419088313e-01
1.589395378939073289e-01
1.592958545702638506e-01
1.596560583497247388e-01
1.600205425398430470e-01
1.603891064082088314e-01
1.607613229421800960e-01
1.611374878205626693e-01
1.615176868092418894e-01
1.619014210431382050e-01
1.622887357125142038e-01
1.626798988248273903e-01
1.630745170408601230e-01
1.634723978405331901e-01
1.638739005256690806e-01
1.642788939432952011e-01
1.646869789706501275e-01
1.650983184087267686e-01
1.655129882533521168e-01
1.659306028177011672e-01
1.663511686746540486e-01
1.667749725752879220e-01
1.672017501394248984e-01
1.676311980489863518e-01
1.680635816597229604e-01
1.684989291905482078e-01
1.689367969108955814e-01
1.693772288295469219e-01
1.698205347488275785e-01
1.702664025480817023e-01
1.707145722468711990e-01
1.711653810291061117e-01
1.716187776794803055e-01
1.720743028572530309e-01
1.725320968330561200e-01
1.729924003312544034e-01
1.734548684102091565e-01
1.739194068961721351e-01
1.743863068127908811e-01
1.748553390598427681e-01
1.753261821352296301e-01
1.757991273452807757e-01
1.762742630224627682e-01
1.767511824914396734e-01
1.772299444022673309e-01
1.777108465017083194e-01
1.781935569973872036e-01
1.786778068772864325e-01
1.791639435169644912e-01
1.796519700040919709e-01
1.801414838592602652e-01
1.806326355242131865e-01
1.811256613387888514e-01
1.816201968450810444e-01
1.821161223257598272e-01
1.826137737663076077e-01
1.831129829343410287e-01
1.836134121901197014e-01
1.841153567588298678e-01
1.846189651590407488e-01
1.851238175557375354e-01
1.856299083636674119e-01
1.861375386633200013e-01
1.866464295356308478e-01
1.871563807846080840e-01
1.876677939801283945e-01
1.881806300678038890e-01
1.886944245507747864e-01
1.892093785510288451e-01
1.897257733784406541e-01
1.902432010543611274e-01
1.907615791322255505e-01
1.912813521148870044e-01
1.918023289564231570e-01
1.923240778266613327e-01
1.928468988576132193e-01
1.933709913515697654e-01
1.938959343719586781e-01
1.944216947700015408e-01
1.949486005874096206e-01
1.954764775477454419e-01
1.960051819490959968e-01
1.965350493741257476e-01
1.970659886093732716e-01
1.975975569066816262e-01
1.981299822150662804e-01
1.986636030137488296e-01
1.991980605858849340e-01
1.997332005899560281e-01
2.002693837811485300e-01
2.008064607530933576e-01
2.013440778144870436e-01
2.018825710933791207e-01
2.024221398676014916e-01
2.029623312914179134e-01
2.035031389273150304e-01
2.040449899676496648e-01
2.045876819919026923e-01
2.051309006934922130e-01
2.056749462174242149e-01
2.062198736929797827e-01
2.067653189180364559e-01
2.073114675741769275e-01
2.078586297896687363e-01
2.084064228469167390e-01
2.089546571028711441e-01
2.095037398194641298e-01
2.100535976431843477e-01
2.106038660204030966e-01
2.111548434508793703e-01
2.117067280570021637e-01
2.122590961165405632e-01
2.128120059401197861e-01
2.133658614339710158e-01
2.139203036158620619e-01
2.144750186023935135e-01
2.150305290007985815e-01
2.155869449934602333e-01
2.161437145904829826e-01
2.167009577623243144e-01
2.172591230938192286e-01
2.178179046582213729e-01
2.183770285657261334e-01
2.189368312562057772e-01
2.194973097277899687e-01
2.200581942073437103e-01
2.206197638194200006e-01
2.211821318169443495e-01
2.217448126278660503e-01
2.223078749713136015e-01
2.228718108491328509e-01
2.234363127225780787e-01
2.240010579527281498e-01
2.245665981954033663e-01
2.251330023532429336e-01
2.256995875410178487e-01
2.262665268774833316e-01
2.268343886225957506e-01
2.274027483226729596e-01
2.279712972892554423e-01
2.285406204643509465e-01
2.291107354291826714e-01
2.296810748753640719e-01
2.302518574952469865e-01
2.308234429761954476e-01
2.313954534008065556e-01
2.319677997810932757e-01
2.325408807360570818e-01
2.331145530854710490e-01
2.336885556078620307e-01
2.342631773479093016e-01
2.348384204476254844e-01
2.354139052302556545e-01
2.359898439812980198e-01
2.365665771621723035e-01
2.371437825554320311e-01
2.377213221154297340e-01
2.382995559228897053e-01
2.388783258801998877e-01
2.394572433366848885e-01
2.400366604694394723e-01
2.406169013126658041e-01
2.411975834266503749e-01
2.417786098465104228e-01
2.423603261800463538e-01
2.429425510260640464e-01
2.435250049324126087e-01
2.441080360648974490e-01
2.446917412124435531e-01
2.452757166696516167e-01
2.458601461744515659e-01
2.464454053606486561e-01
2.470310438627019711e-01
2.476168127153300091e-01
2.482033106533122757e-01
2.487905528303259728e-01
2.493779650114546775e-01
2.499658543062757143e-01
2.505546645656739346e-01
2.511438254514708479e-01
2.517330705356093379e-01
2.523230058993463643e-01
2.529136433623244140e-01
2.535045381458576608e-01
2.540959585675867105e-01
2.546881210082860836e-01
2.552805917821942550e-01
2.558733839438215307e-01
2.564669055666434772e-01
2.570609192710693325e-01
2.576551654470856101e-01
2.582500294842329236e-01
2.588455735872406405e-01
2.594414305603794935e-01
2.600377753972535899e-01
2.606347919142142366e-01
2.612320336174717150e-01
2.618295217899228033e-01
2.624278369342977202e-01
2.630267692279666392e-01
2.636258651141782372e-01
2.642255551009162207e-01
2.648260070567822200e-01
2.654266203203004548e-01
2.660275234274288025e-01
2.666292759761715314e-01
2.672314653783519067e-01
2.678337741526742311e-01
2.684368652577816539e-01
2.690407974514577027e-01
2.696448503040956290e-01
2.702491625752114768e-01
2.708542333296904414e-01
2.714597404757196908e-01
2.720655387677034520e-01
2.726720859676562414e-01
2.732792406752149184e-01
2.738865663338534984e-01
2.744943416439773465e-01
2.751027727195499706e-01
2.757115358868620913e-01
2.763207509459930100e-01
2.769307595648710651e-01
2.775412467083718804e-01
2.781519701600368988e-01
2.787632818523168021e-01
2.793751904847798784e-01
2.799873645145229961e-01
2.806000211641582753e-01
2.812134217129811375e-01
2.818272321122898827e-01
2.824413609873829833e-01
2.830561741034128276e-01
2.836715309148514774e-01
2.842870911286538571e-01
2.849031720338452978e-01
2.855199790044887775e-01
2.861371353862221523e-01
2.867546954783478652e-01
2.873729802197619865e-01
2.879916511969524695e-01
2.886105582144506410e-01
2.892302226823001976e-01
2.898505287934853847e-01
2.904709399837071548e-01
2.910918810717825767e-01
2.917137867720983602e-01
2.923360098007821706e-01
2.929582707091478166e-01
2.935812255712429986e-01
2.942049191863690405e-01
2.948288367732684323e-01
2.954531893139485943e-01
2.960783092603629374e-01
2.967038352737191853e-01
2.973296369093984537e-01
2.979560737156231043e-01
2.985830707481185176e-01
2.992104184367767594e-01
2.998383987042614884e-01
3.004670089828470059e-01
3.010958175015130966e-01
3.017250081395464467e-01
3.023550000336707178e-01
3.029854744373475239e-01
3.036162285633945968e-01
3.042477134151728158e-01
3.048798546249503194e-01
3.055121795207378366e-01
3.061450210565040964e-01
3.067786933874995792e-01
3.074126547557093914e-01
3.080468458048824520e-01
3.086818573049064374e-01
3.093174869034764352e-01
3.099533242887763107e-01
3.105897754916850384e-01
3.112268866278938284e-01
3.118641410047698903e-01
3.125018642495716037e-01
3.131405363328983449e-01
3.137796381385424271e-01
3.144189595004213689e-01
3.150590493299763595e-01
3.156997018597227922e-01
3.163404028259815259e-01
3.169816517568963543e-01
3.176238003318951342e-01
3.182662690882404055e-01
3.189090298580006810e-01
3.195526293006713536e-01
3.201967720056008715e-01
3.208410319048409232e-01
3.214858834338736315e-01
3.221314964364516698e-01
3.227773464663333813e-01
3.234236101209985725e-01
3.240708095656360532e-01
3.247185217154232584e-01
3.253663492274312397e-01
3.260147800801618256e-01
3.266638939500375871e-01
3.273132492339644872e-01
3.279631772219759878e-01
3.286140241707698473e-01
3.292651622991485394e-01
3.299164246531050004e-01
3.305684939255322807e-01
3.312212320672287547e-01
3.318741021647626521e-01
3.325275877634680799e-01
3.331819979612465898e-01
3.338366832372794968e-01
3.344916491065764164e-01
3.351474809302188440e-01
3.358038393052277248e-01
3.364603892184167555e-01
3.371177024601798022e-01
3.377757528431020728e-01
3.384339359196302799e-01
3.390926756434357037e-01
3.397524100949248504e-01
3.404123662046198984e-01
3.410723378413766937e-01
3.417332055410793878e-01
3.423949224816075776e-01
3.430568147572721216e-01
3.437191891127329146e-01
3.443823162938062232e-01
3.450456991478080826e-01
3.457094679560266393e-01
3.463741224679230402e-01
3.470392674833086000e-01
3.477046419330735438e-01
3.483707693695044516e-01
3.490375531545236720e-01
3.497044612599942148e-01
3.503718831397162892e-01
3.510402202967908281e-01
3.517089290272003010e-01
3.523778529655148262e-01
3.530475850846190311e-01
3.537180439422142331e-01
3.543887258500554860e-01
3.550598952982761403e-01
3.557317919572654530e-01
3.564039771446983473e-01
3.570765598820709319e-01
3.577501201809246689e-01
3.584242768311684535e-01
3.590984927574981111e-01
3.597732932403464035e-01
3.604489344215648927e-01
3.611248788732326354e-01
3.618013044743514928e-01
3.624786822094818173e-01
3.631565016516080102e-01
3.638344790290736763e-01
3.645132147147034929e-01
3.651926500008325083e-01
3.658722314776112206e-01
3.665523295292565931e-01
3.672333596720669946e-01
3.679148341966919089e-01
3.685966277016077264e-01
3.692792290051175597e-01
3.699624099329991145e-01
3.706457213028175879e-01
3.713296283081733429e-01
3.720144306167457726e-01
3.726996205511245441e-01
3.733852264163637358e-01
3.740716509912631604e-01
3.747584420647706582e-01
3.754453530216076418e-01
3.761330852743907105e-01
3.768216346365542146e-01
3.775103517811629339e-01
3.781996038927211146e-01
3.788898136369925340e-01
3.795803381179885250e-01
3.802710450528890562e-01
3.809625789339330382e-01
3.816547444790735488e-01
3.823471508850256884e-01
3.830403475829287641e-01
3.837344732264810210e-01
3.844288117776904490e-01
3.851233846700953811e-01
3.858187339238051683e-01
3.865146535149271423e-01
3.872109633221547109e-01
3.879080712475274639e-01
3.886058236459455362e-01
3.893037294952539917e-01
3.900021558997233129e-01
3.907014365769452269e-01
3.914010302518619033e-01
3.921009103431090104e-01
3.928018092265380123e-01
3.935035646038006485e-01
3.942054634623154974e-01
3.949077846679717174e-01
3.956109634447290135e-01
3.963145317806150425e-01
3.970183513687819965e-01
3.977230243980262592e-01
3.984284855576402107e-01
3.991342392758733815e-01
3.998405501455536415e-01
4.005476021140791931e-01
4.012549094593198529e-01
4.019626173780626588e-01
4.026713116470691523e-01
4.033806454245339457e-01
4.040902387014885244e-01
4.048005465003087777e-01
4.055115016267403782e-01
4.062225878005068513e-01
4.069342408195250615e-01
4.076468182714138577e-01
4.083596985577363503e-01
4.090729415343520858e-01
4.097872695551353917e-01
4.105022287044369778e-01
4.112171443702745122e-01
4.119326556556674457e-01
4.126491506370781881e-01
4.133659627784830870e-01
4.140831502467244296e-01
4.148013651798504453e-01
4.155201890122598440e-01
4.162390669245318864e-01
4.169585134807123894e-01
4.176787568311106091e-01
4.183993765740912085e-01
4.191206524367005470e-01
4.198428947812900547e-01
4.205654799735544236e-01
4.212882889046026813e-01
4.220119352358725484e-01
4.227361681221709633e-01
4.234606068824028346e-01
4.241859057097878694e-01
4.249121993026527266e-01
4.256387179935012810e-01
4.263656194158387813e-01
4.270934758563492140e-01
4.278217695474197391e-01
4.285501982178908653e-01
4.292794898882565935e-01
4.300096424376227966e-01
4.307399418734982888e-01
4.314707484054214892e-01
4.322026412753078306e-01
4.329349790264171993e-01
4.336674000509741500e-01
4.344006026684718580e-01
4.351346409736848719e-01
4.358690672055902660e-01
4.366042539880018447e-01
4.373402544485014420e-01
4.380763391514613803e-01
4.388128021819674429e-01
4.395503643596671561e-01
4.402884062982617697e-01
4.410265333678879962e-01
4.417656147781032216e-01
4.425056427335831155e-01
4.432457615989545685e-01
4.439863715857403359e-01
4.447280479035228273e-01
4.454700393286047388e-01
4.462121414119213925e-01
4.469553208582511261e-01
4.476994943649157954e-01
4.484437630531820651e-01
4.491884124392174216e-01
4.499339694571728443e-01
4.506799563003699438e-01
4.514263581613236487e-01
4.521738266617003066e-01
4.529219612547956131e-01
4.536701047216532001e-01
4.544188735743818763e-01
4.551686414402444369e-01
4.559186965408900671e-01
4.566691155310657058e-01
4.574206368982290383e-01
4.581728799130216356e-01
4.589253588128835992e-01
4.596786093078106816e-01
4.604325740563027236e-01
4.611865610851301756e-01
4.619410980450324722e-01
4.626968906479533850e-01
4.634532182180940985e-01
4.642096846470207816e-01
4.649670313133753563e-01
4.657251480842044544e-01
4.664833475011193609e-01
4.672421394716810839e-01
4.680020165209686223e-01
4.687623607787008151e-01
4.695231293817789808e-01
4.702848623927129434e-01
4.710470411468019591e-01
4.718092341666397238e-01
4.725722662930796347e-01
4.733363282210271139e-01
4.741006347295593226e-01
4.748654047454926030e-01
4.756312050573452965e-01
4.763974520104258259e-01
4.771638995782947479e-01
4.779313042202169015e-01
4.786995455207462280e-01
4.794679041154343291e-01
4.802368259592714184e-01
4.810068479378177830e-01
4.817773723438743549e-01
4.825481489923352241e-01
4.833196463615236915e-01
4.840916705112306984e-01
4.848640140674996823e-01
4.856372796143459958e-01
4.864112309273936896e-01
4.871845313393767252e-01
4.879564697229484271e-01
4.887258920602651213e-01
4.894891384412417557e-01
4.902413796550376679e-01
4.909778056669036328e-01
4.916924853824156116e-01
4.923798475468997848e-01
4.930381143126310040e-01
4.936687057334649964e-01
4.942734548191918820e-01
4.948539034803302594e-01
4.954102912269058856e-01
4.959404371960702829e-01
4.964427143411603294e-01
4.969189881261497632e-01
4.973715223745746594e-01
4.977993563532244758e-01
4.981999083380018734e-01
4.985713381465803340e-01
4.989127492889999793e-01
4.992244152610360031e-01
4.995068896343357046e-01
4.997594537709947327e-01
4.999820421443745277e-01
5.001769439267185202e-01
5.003444299214007129e-01
5.004811031272935473e-01
5.005869551307207121e-01
5.006649663003401862e-01
5.007162915548192261e-01
5.007394827016118377e-01
5.007350344606912307e-01
5.007054283323948418e-01
5.006505652057600120e-01
5.005689755191571333e-01
5.004617267891177113e-01
5.003309464153405939e-01
5.001764081687929409e-01
4.999971115717409265e-01
4.997943186591279341e-01
4.995675547627100865e-01
4.993157788837339073e-01
4.990382288944216205e-01
4.987360722028506554e-01
4.984115276733460664e-01
4.980641398226523520e-01
4.976932116311937326e-01
4.973004609289714550e-01
4.968869766966878543e-01
4.964514388672508494e-01
4.959938093851850027e-01
4.955161079623409126e-01
4.950185531253766813e-01
4.945002577191393023e-01
4.939624642754577022e-01
4.934062258658966083e-01
4.928303232462281636e-01
4.922348696345173469e-01
4.916218806989047785e-01
4.909912328376510038e-01
4.903418430665552052e-01
4.896751799157318397e-01
4.889924706884945516e-01
4.882925163941675417e-01
4.875754448966878041e-01
4.868430230599668507e-01
4.860948432612508530e-01
4.853300121021979496e-01
4.845502720786870610e-01
4.837568173798385551e-01
4.829483521512590305e-01
4.821248042489592600e-01
4.812878192410053324e-01
4.804373524709810162e-01
4.795725235947463916e-01
4.786943416221491332e-01
4.778040036225345566e-01
4.769009374169742577e-01
4.759848275723503885e-01
4.750568284081668202e-01
4.741174185360866322e-01
4.731658392313969341e-01
4.722023370099898143e-01
4.712281296021633148e-01
4.702432492491221416e-01
4.692473230433006903e-01
4.682412657496428654e-01
4.672255037073090866e-01
4.661990520681299488e-01
4.651621891458943003e-01
4.641164540729537658e-01
4.630616961662463726e-01
4.619971259058473501e-01
4.609238165190451264e-01
4.598426025331240341e-01
4.587523940209669582e-01
4.576529728641740014e-01
4.565458032552831003e-01
4.554311757313825315e-01
4.543083424736368836e-01
4.531779508956338409e-01
4.520409012571867113e-01
4.508964944734621949e-01
4.497443949330056645e-01
4.485857797728872165e-01
4.474209402291662863e-01
4.462490637185678732e-01
4.450706878474257611e-01
4.438868770036743516e-01
4.426970804027832718e-01
4.415008125298499619e-01
4.402990645367768630e-01
4.390921154353292222e-01
4.378791937386415922e-01
4.366608690060942433e-01
4.354383006296326797e-01
4.342109469406830735e-01
4.329781285317530481e-01
4.317408211851958555e-01
4.304995406800110058e-01
4.292533677845787876e-01
4.280024474866426232e-01
4.267480672078573511e-01
4.254900443797372533e-01
4.242275004536074090e-01
4.229611880317116768e-01
4.216919139511504655e-01
4.204188339367390670e-01
4.191416726750122890e-01
4.178616226176692372e-01
4.165788596798164489e-01
4.152925727121608013e-01
4.140032683987783790e-01
4.127117591977615962e-01
4.114173146918589374e-01
4.101194794336638361e-01
4.088193383951987392e-01
4.075173154050193425e-01
4.062126291883548790e-01
4.049054693478039146e-01
4.035966937909995500e-01
4.022858693236120997e-01
4.009723409929440985e-01
3.996568702346604551e-01
3.983400780814843611e-01
3.970213629837210378e-01
3.957007237353106777e-01
3.943790253090659892e-01
3.930560105018361949e-01
3.917309188869645409e-01
3.904044460974405717e-01
3.890773353215803421e-01
3.877488002189181104e-01
3.864185716923964620e-01
3.850877698003848382e-01
3.837564763450525551e-01
3.824237254952543852e-01
3.810898960887014741e-01
3.797558318849853509e-01
3.784209193434191487e-01
3.770847865824203948e-01
3.757485130170577503e-01
3.744123578866080382e-01
3.730753106791883655e-01
3.717375052175259653e-01
3.703998815599510719e-01
3.690620138347142642e-01
3.677232358847857263e-01
3.663843848656269664e-01
3.650460648864972124e-01
3.637074520597265437e-01
3.623683514739914346e-01
3.610297031057705386e-01
3.596914423772089031e-01
3.583527359380557220e-01
3.570139951123241784e-01
3.556759821160740964e-01
3.543382110886298397e-01
3.530003996511499320e-01
3.516633545142295869e-01
3.503270187483764619e-01
3.489904012881099304e-01
3.476538586006945875e-01
3.463184747045988110e-01
3.449838658494874810e-01
3.436493435903985594e-01
3.423155580861632075e-01
3.409828666391805929e-01
3.396504685809053625e-01
3.383183646898519359e-01
3.369874609205624205e-01
3.356575701350561491e-01
3.343280218077331334e-01
3.329994094672507621e-01
3.316722972946311576e-01
3.303458913999392510e-01
3.290198639417667992e-01
3.276951126300282069e-01
3.263716925500868005e-01
3.250488296866763660e-01
3.237269554830586871e-01
3.224068284588642030e-01
3.210877699370083826e-01
3.197692351809776623e-01
3.184520305815455310e-01
3.171363787262667655e-01
3.158215208049259259e-01
3.145077403930304771e-01
3.131958779895921974e-01
3.118854316162231743e-01
3.105757250291468763e-01
3.092674214052867909e-01
3.079609292584194469e-01
3.066555137847007395e-01
3.053511329476454317e-01
3.040486220097685655e-01
3.027478078931410410e-01
3.014479809587506387e-01
3.001495808830269563e-01
2.988531419155666113e-01
2.975580243262124780e-01
2.962639286824499951e-01
2.949716195256947837e-01
2.936812059414481979e-01
2.923920681415164147e-01
2.911044720221446780e-01
2.898188988753256923e-01
2.885347360680864948e-01
2.872516311346715590e-01
2.859704135982898965e-01
2.846913347597285204e-01
2.834136153191967322e-01
2.821372762822708102e-01
2.808630296908671276e-01
2.795905851284259946e-01
2.783193052252198041e-01
2.770496597009490802e-01
2.757821730089587975e-01
2.745163371021112630e-01
2.732519141375344129e-01
2.719895158048681316e-01
2.707291343740380607e-01
2.694701271576210311e-01
2.682127213106392238e-01
2.669574809772162216e-01
2.657039925175727624e-01
2.644519145429509166e-01
2.632018847099821257e-01
2.619540517345719799e-01
2.607077041230385639e-01
2.594629172067928757e-01
2.582203184739291779e-01
2.569795689638065261e-01
2.557402421714337626e-01
2.545029927557333482e-01
2.532681066299735106e-01
2.520347916635567453e-01
2.508029676311020473e-01
2.495734184519460552e-01
2.483459402303917207e-01
2.471198301886250448e-01
2.458955746485577964e-01
2.446737553962064493e-01
2.434537391479811574e-01
2.422352070628348286e-01
2.410188711581477683e-01
2.398047306836738057e-01
2.385920635073095486e-01
2.373811366564666236e-01
2.361725744598787147e-01
2.349659648894862618e-01
2.337609558133297849e-01
2.325580857239021304e-01
2.313573985795233379e-01
2.301582549207846495e-01
2.289608307274883237e-01
2.277657615625315601e-01
2.265727464147378745e-01
2.253813116322128662e-01
2.241919112370324152e-01
2.230048619985940395e-01
2.218196615556866924e-01
2.206363338035471910e-01
2.194558289238911497e-01
2.182787443799488469e-01
2.171054651451969908e-01
2.159374749779832126e-01
2.147767591798729891e-01
2.136243818578552611e-01
2.124809238233314745e-01
2.113469507234612133e-01
2.102218694498174945e-01
2.091041787782265682e-01
2.079937936022274725e-01
2.068924114314926455e-01
2.058016148666429179e-01
2.047221917527584090e-01
2.036541905565289468e-01
2.025962976902913326e-01
2.015471333385285557e-01
2.005079959871791939e-01
1.994818275251862005e-01
1.984692408890972593e-01
1.974682530433873318e-01
1.964778104871471309e-01
1.954992195662778598e-01
1.945342121945262681e-01
1.935829347549720691e-01
1.926437928401890931e-01
1.917154476376867200e-01
1.907991446328739238e-01
1.898973344186769829e-01
1.890096142747113572e-01
1.881332625840795303e-01
1.872683489474463170e-01
1.864177492424893279e-01
1.855814312863702520e-01
1.847563573348001698e-01
1.839426443249841947e-01
1.831434507834830139e-01
1.823585069989467344e-01
1.815845661647129961e-01
1.808219310518202616e-01
1.800735673899094003e-01
1.793388447701829425e-01
1.786150036594444657e-01
1.779028629247235149e-01
1.772046123202664358e-01
1.765188705034428651e-01
1.758437568888788771e-01
1.751808878172349260e-01
1.745314114017018359e-01
1.738931742611578568e-01
1.732654619252587125e-01
1.726503982275099658e-01
1.720477609949403741e-01
1.714552798719871651e-01
1.708736894253619631e-01
1.703046322251703104e-01
1.697465088800719779e-01
1.691981415779812703e-01
1.686612281032908445e-01
1.681357859025562340e-01
1.676199387021567733e-01
1.671143105244044524e-01
1.666199837886411517e-01
1.661354451803979115e-01
1.656602164793211651e-01
1.651956765749804101e-01
1.647410981029063526e-01
1.642952559856866723e-01
1.638592628088562653e-01
1.634332376070121995e-01
1.630156812650292442e-01
1.626070868670805025e-01
1.622081920173623903e-01
1.618176888279065362e-01
1.614354047844272222e-01
1.610623020043567832e-01
1.606975135506533703e-01
1.603404150520425231e-01
1.599918747121747142e-01
1.596514549816731299e-01
1.593183440630522030e-01
1.589931899223918088e-01
1.586758486102026466e-01
1.583654907103941023e-01
1.580625524413347693e-01
1.577670569246874821e-01
1.574782270078304847e-01
1.571963344376745564e-01
1.569214912222645364e-01
1.566529946520169303e-01
1.563909924836616450e-01
1.561356385446359407e-01
1.558863138949937444e-01
1.556430738609561049e-01
1.554060791352075144e-01
1.551747982740534493e-01
1.549492238122278653e-01
1.547294960345101111e-01
1.545151670853461834e-01
1.543061948920436410e-01
1.541026820740853676e-01
1.539042536365299862e-01
1.537108556360641254e-01
1.535225464883423763e-01
1.533390107260628465e-01
1.531601968908175293e-01
1.529861208333908595e-01
1.528165147716601113e-01
1.526513358454618940e-01
1.524905634535801691e-01
1.523339690287919268e-01
1.521815184125130671e-01
1.520331622264193827e-01
1.518887057926151529e-01
1.517481204561070551e-01
1.516113357498998504e-01
1.514781874399696859e-01
1.513486480833008407e-01
1.512226332704126597e-01
1.511000063173864871e-01
1.509807370608433896e-01
1.508647336075393253e-01
1.507518836012282093e-01
1.506421513931711920e-01
1.505354432562797384e-01
1.504316672979380820e-01
1.503307811233236535e-01
1.502326937981011412e-01
1.501373295424036636e-01
1.500446394475351553e-01
1.499545387316956746e-01
1.498669633247177446e-01
1.497818592507328961e-01
1.496991498269285847e-01
1.496187787497372523e-01
1.495406891749719858e-01
1.494648130987251133e-01
1.493910989165986580e-01
1.493194893300394677e-01
1.492499244872139141e-01
1.491823554966414389e-01
1.491167267472938152e-01
1.490529853176985331e-01
1.489910840851890461e-01
1.489309706653025311e-01
1.488725976023508590e-01
1.488159194013796705e-01
1.487608877203111246e-01
1.487074592375755844e-01
1.486555904071989176e-01
1.486052370985009863e-01
1.485563591471911471e-01
1.485089154098705455e-01
1.484628656932512891e-01
1.484181724200915597e-01
1.483747972009299976e-01
1.483327033013305540e-01
1.482918554891666241e-01
1.482522182726208893e-01
1.482137578872321226e-01
1.481764413937981528e-01
1.481402361405874946e-01
1.481051109431498480e-01
1.480710351608396091e-01
1.480379787933427949e-01
1.480059129708684029e-01
1.479748093299435296e-01
1.479446402841483044e-01
1.479153791092135406e-01
1.478869996404901521e-01
1.478594764787423410e-01
1.478327849261337201e-01
1.478069008908269866e-01
1.477818009710042957e-01
1.477574623887549232e-01
1.477338629764931299e-01
1.477109811767696179e-01
1.476887960192048432e-01
1.476672871119216746e-01
1.476464346131786398e-01
1.476262192396559370e-01
1.476066222387155125e-01
1.475876253675452998e-01
1.475692109071921609e-01
1.475513616221409419e-01
1.475340607565073514e-01
1.475172920373567231e-01
1.475010396357015752e-01
1.474852881736706811e-01
1.474700227140688935e-01
1.474552287317485444e-01
1.474408921222233604e-01
1.474269991825283843e-01
1.474135365943378129e-01
1.474004914278660705e-01
1.473878511206690445e-01
1.473756034692317307e-01
1.473637366266107029e-01
1.473522390837078699e-01
1.473410996650038329e-01
1.473303075213696633e-01
1.473198521155147378e-01
1.473097232186274252e-01
1.472999109007054330e-01
1.472904055199210638e-01
1.472811977185234100e-01
1.472722784126910822e-01
1.472636387847192085e-01
1.472552702777793487e-01
1.472471645865155165e-01
1.472393136508924616e-01
1.472317096500841416e-01
1.472243449943225202e-01
1.472172123195295557e-01
1.472103044808391881e-01
1.472036145457223666e-01
1.471971357888904042e-01
1.471908616859263497e-01
1.471847859074609521e-01
1.471789023141402974e-01
1.471732049506952189e-01
1.471676880408650523e-01
1.471623459824348279e-01
1.471571733418924055e-01
1.471521648498369528e-01
1.471473153961919134e-01
1.471426200254495886e-01
1.471380739324011921e-01
1.471336724576350896e-01
1.471294110832923885e-01
1.471252854290417134e-01
1.471212912479392954e-01
1.471174244225876837e-01
1.471136809613499685e-01
1.471100569945883174e-01
1.471065487711380182e-01
1.471031526547836865e-01
1.470998651208464958e-01
1.470966827529238130e-01
1.470936022396418519e-01
1.470906203715491856e-01
1.470877340380960796e-01
1.470849402246640902e-01
1.470822360097227277e-01
1.470796185620389107e-01
1.470770851379691047e-01
1.470746330788447465e-01
1.470722598084093780e-01
1.470699628303447082e-01
1.470677397258666474e-01
1.470655881513794061e-01
1.470635058362117498e-01
1.470614905804080441e-01
1.470595402525868844e-01
1.470576527878637574e-01
1.470558261858299076e-01
1.470540585085926555e-01
1.470523478788743621e-01
1.470506924781618263e-01
1.470490905449159391e-01
1.470475403728297437e-01
1.470460403091388701e-01
1.470445887529826523e-01
1.470431841538125950e-01
1.470418250098473600e-01
1.470405098665761578e-01
1.470392373153024124e-01
1.470380059917345272e-01
1.470368145746169530e-01
1.470356617844010838e-01
1.470345463819582588e-01
1.470334671673294846e-01
1.470324229785122394e-01
1.470314126902852458e-01
1.470304352130679948e-01
1.470294894918137141e-01
1.470285745049369763e-01
1.470276892632722820e-01
1.470268328090652554e-01
1.470260042149945379e-01
1.470252025832216869e-01
1.470244270444722445e-01
1.470236767571415082e-01
1.470229509064313322e-01
1.470222487035107717e-01
1.470215693847030380e-01
