2.399999999999999911e+00
2.375000023841857821e+00
2.350000047683715731e+00
2.324999952316284091e+00
2.299999976158142001e+00
2.274999999999999911e+00
2.250000023841857821e+00
2.225000047683715731e+00
2.199999952316284091e+00
2.174999976158142001e+00
2.149999999999999911e+00
2.125000023841857821e+00
2.100000047683715731e+00
2.074999952316284091e+00
2.049999976158142001e+00
2.024999999999999911e+00
2.000000023841857821e+00
1.975000047683715731e+00
1.949999952316284091e+00
1.924999976158142001e+00
1.899999999999999911e+00
1.875000023841857821e+00
1.850000047683715731e+00
1.824999952316284091e+00
1.799999976158142001e+00
1.774999999999999911e+00
1.750000023841857821e+00
1.725000047683715731e+00
1.699999952316284091e+00
1.674999976158142001e+00
1.649999999999999911e+00
1.625000023841857821e+00
1.600000047683715731e+00
1.574999952316284091e+00
1.549999976158142001e+00
1.524999999999999911e+00
1.500000023841857821e+00
1.475000047683715731e+00
1.449999952316284091e+00
1.424999976158142001e+00
1.399999999999999911e+00
1.375000023841857821e+00
1.349999988079070956e+00
1.325000011920928866e+00
1.299999976158142001e+00
1.274999999999999911e+00
1.250000023841857821e+00
1.224999988079070956e+00
1.200000011920928866e+00
1.174999976158142001e+00
1.149999999999999911e+00
1.125000023841857821e+00
1.099999988079070956e+00
1.075000011920928866e+00
1.049999976158142001e+00
1.024999999999999911e+00
1.000000023841857821e+00
9.749999880790710671e-01
9.500000119209289773e-01
9.249999761581421120e-01
9.000000000000000222e-01
8.749999940395355447e-01
8.499999880790710671e-01
8.250000119209289773e-01
8.000000059604644997e-01
7.750000000000000222e-01
7.499999940395355447e-01
7.249999880790710671e-01
7.000000119209289773e-01
6.750000059604644997e-01
6.500000000000000222e-01
6.249999940395355447e-01
6.000000029802322610e-01
5.749999970197677834e-01
5.500000059604644997e-01
5.250000000000000222e-01
5.000000014901161416e-01
4.750000029802322610e-01
4.500000007450580819e-01
4.250000003725290521e-01
4.000000000000000222e-01
3.749999996274709924e-01
3.499999992549419625e-01
3.249999970197677834e-01
2.999999985098839028e-01
2.750000000000000222e-01
2.499999940395355447e-01
2.250000029802322610e-01
1.999999970197677834e-01
1.750000059604644997e-01
1.500000000000000222e-01
1.249999940395355447e-01
9.999998807907106713e-02
7.500001192092897728e-02
5.000000596046449974e-02
2.500000000000002220e-02
-5.960464455334602007e-09
-2.500001192092893287e-02
-4.999998807907102272e-02
-7.499999403953550026e-02
-9.999999999999997780e-02
-1.249999761581420676e-01
-1.500000119209289329e-01
-1.749999880790710227e-01
-2.000000238418578880e-01
-2.249999999999999778e-01
-2.499999761581420676e-01
-2.750000119209289329e-01
-2.999999880790710227e-01
-3.250000238418578880e-01
-3.499999999999999778e-01
-3.749999761581420676e-01
-4.000000119209289329e-01
-4.249999880790710227e-01
-4.500000238418578880e-01
-4.749999999999999778e-01
-4.999999761581420676e-01
-5.250000119209289329e-01
-5.499999880790710227e-01
-5.750000238418578880e-01
-5.999999999999999778e-01
-6.249999761581420676e-01
-6.499999523162841575e-01
-6.750000476837157981e-01
-7.000000238418578880e-01
-7.249999999999999778e-01
-7.499999761581420676e-01
-7.749999523162841575e-01
-8.000000476837157981e-01
-8.250000238418578880e-01
-8.499999999999999778e-01
-8.749999761581420676e-01
-8.999999523162841575e-01
-9.250000476837157981e-01
-9.500000238418578880e-01
-9.749999999999999778e-01
-9.999999761581420676e-01
-1.024999952316284269e+00
-1.050000047683715909e+00
-1.075000023841857999e+00
-1.100000000000000089e+00
-1.124999976158142179e+00
-1.149999952316284269e+00
-1.175000047683715909e+00
-1.200000023841857999e+00
-1.225000000000000089e+00
-1.249999976158142179e+00
-1.274999952316284269e+00
-1.300000047683715909e+00
-1.325000023841857999e+00
-1.350000000000000089e+00
-1.374999976158142179e+00
-1.399999952316284269e+00
-1.425000047683715909e+00
-1.450000023841857999e+00
-1.475000000000000089e+00
-1.499999976158142179e+00
-1.524999952316284269e+00
-1.550000047683715909e+00
-1.575000023841857999e+00
-1.600000000000000089e+00
-1.625000095367431729e+00
-1.649999952316284269e+00
-1.675000047683715909e+00
-1.699999904632568448e+00
-1.725000000000000089e+00
-1.750000095367431729e+00
-1.774999952316284269e+00
-1.800000047683715909e+00
-1.824999904632568448e+00
-1.850000000000000089e+00
-1.875000095367431729e+00
-1.899999952316284269e+00
-1.925000047683715909e+00
-1.949999904632568448e+00
-1.975000000000000089e+00
-2.000000095367431729e+00
-2.024999952316284269e+00
-2.050000047683715909e+00
-2.074999904632568448e+00
-2.100000000000000089e+00
-2.125000095367431729e+00
-2.149999952316284269e+00
-2.175000047683715909e+00
-2.199999904632568448e+00
-2.225000000000000089e+00
-2.250000095367431729e+00
-2.274999952316284269e+00
-2.300000047683715909e+00
-2.324999904632568448e+00
-2.350000000000000089e+00
-2.375000095367431729e+00
-2.399999952316284269e+00
-2.425000047683715909e+00
-2.449999904632568448e+00
-2.475000000000000089e+00
-2.500000095367431729e+00
-2.524999952316284269e+00
-2.550000047683715909e+00
-2.574999904632568448e+00
-2.600000000000000089e+00
