2.399999999999999911e+00
2.383000040054321200e+00
2.367000007629394442e+00
2.350000047683715731e+00
2.332999968528747470e+00
2.317000055313110263e+00
2.299999976158142001e+00
2.283000016212463290e+00
2.266999983787536532e+00
2.250000023841857821e+00
2.232999944686889560e+00
2.217000031471252353e+00
2.199999952316284091e+00
2.182999992370605380e+00
2.166999959945678622e+00
2.149999999999999911e+00
2.133000040054321200e+00
2.117000007629394442e+00
2.100000047683715731e+00
2.082999968528747470e+00
2.067000055313110263e+00
2.049999976158142001e+00
2.033000016212463290e+00
2.016999983787536532e+00
2.000000023841857821e+00
1.982999944686889560e+00
1.967000031471252353e+00
1.949999952316284091e+00
1.932999992370605380e+00
1.916999959945678622e+00
1.899999999999999911e+00
1.883000040054321200e+00
1.867000007629394442e+00
1.850000047683715731e+00
1.832999968528747470e+00
1.817000055313110263e+00
1.799999976158142001e+00
1.783000016212463290e+00
1.766999983787536532e+00
1.750000023841857821e+00
1.732999944686889560e+00
1.717000031471252353e+00
1.699999952316284091e+00
1.682999992370605380e+00
1.666999959945678622e+00
1.649999999999999911e+00
1.633000040054321200e+00
1.617000007629394442e+00
1.600000047683715731e+00
1.582999968528747470e+00
1.567000055313110263e+00
1.549999976158142001e+00
1.533000016212463290e+00
1.516999983787536532e+00
1.500000023841857821e+00
1.482999944686889560e+00
1.467000031471252353e+00
1.449999952316284091e+00
1.432999992370605380e+00
1.416999959945678622e+00
1.399999999999999911e+00
1.382999980449676425e+00
1.367000007629394442e+00
1.349999988079070956e+00
1.333000028133392245e+00
1.316999995708465487e+00
1.299999976158142001e+00
1.283000016212463290e+00
1.266999983787536532e+00
1.250000023841857821e+00
1.233000004291534335e+00
1.216999971866607577e+00
1.200000011920928866e+00
1.182999992370605380e+00
1.167000019550323398e+00
1.149999999999999911e+00
1.132999980449676425e+00
1.117000007629394442e+00
1.099999988079070956e+00
1.083000028133392245e+00
1.066999995708465487e+00
1.049999976158142001e+00
1.033000016212463290e+00
1.016999983787536532e+00
1.000000023841857821e+00
9.830000042915344460e-01
9.669999718666076882e-01
9.500000119209289773e-01
9.329999923706054910e-01
9.170000195503235085e-01
9.000000000000000222e-01
8.830000102519989236e-01
8.670000076293945535e-01
8.499999880790710671e-01
8.329999983310699685e-01
8.169999957084655984e-01
8.000000059604644997e-01
7.829999864101410134e-01
7.670000135898590310e-01
7.499999940395355447e-01
7.330000042915344460e-01
7.170000016689300759e-01
7.000000119209289773e-01
6.829999923706054910e-01
6.669999897480011208e-01
6.500000000000000222e-01
6.329999953508377297e-01
6.169999927282333596e-01
6.000000029802322610e-01
5.829999983310699685e-01
5.669999957084655984e-01
5.500000059604644997e-01
5.330000013113022073e-01
5.169999986886978371e-01
5.000000014901161416e-01
4.829999968409538491e-01
4.670000016689300759e-01
4.500000007450580819e-01
4.329999998211860879e-01
4.170000009238720162e-01
4.000000000000000222e-01
3.829999990761280282e-01
3.670000001788139565e-01
3.499999992549419625e-01
3.329999983310699685e-01
3.170000031590461953e-01
2.999999985098839028e-01
2.830000013113022073e-01
2.669999986886978371e-01
2.499999940395355447e-01
2.330000042915344460e-01
2.170000016689300759e-01
1.999999970197677834e-01
1.830000072717666848e-01
1.670000046491623147e-01
1.500000000000000222e-01
1.330000102519989236e-01
1.170000076293945535e-01
9.999998807907106713e-02
8.299999833106996849e-02
6.699999570846559838e-02
5.000000596046449974e-02
3.299998641014101342e-02
1.700001358985903099e-02
-5.960464455334602007e-09
-1.699999570846555397e-02
-3.299999833106992408e-02
-4.999998807907102272e-02
-6.700000762939450905e-02
-8.300001025199887916e-02
-9.999999999999997780e-02
